Final_Test_Data_Prediction_Report:
    Challenger LGBMClassifier:
        Accuracy_Score: 0.9682890855457227
        Balanced_Accuracy_Score: 0.9682890855457227
        Cost: 376410.0
        F1_Score: 0.9677650663276947
    Challenger Stacked_Classifier:
        Accuracy_Score: 0.27356675644478645
        Balanced_Accuracy_Score: 0.27356675644478645
        Cost: 6804810.0
        F1_Score: 0.16070237830629028
    Challenger Voting_Classifier:
        Accuracy_Score: 0.9865653456457611
        Balanced_Accuracy_Score: 0.9865653456457611
        Cost: 146290.0
        F1_Score: 0.9864956328359171
