VotingClassifier:
    Challenger LGBMClassifier:
        Accuracy_Score: 0.9524817237398999
        Balanced_Accuracy_Score: 0.9524817237398999
        Cost: 574400.0
        F1_Score: 0.9512275389982229
    Challenger Stacked_Classifier:
        Accuracy_Score: 0.9757919712710017
        Balanced_Accuracy_Score: 0.9757919712710017
        Cost: 208940.0
        F1_Score: 0.9757398541177982
    Challenger Voting_Classifier:
        Accuracy_Score: 0.9822046941131204
        Balanced_Accuracy_Score: 0.9822046941131204
        Cost: 194690.0
        F1_Score: 0.9820800103322463
