LGBMClassifier:
    Accuracy_Score: 0.9806015134025907
    Balanced_Accuracy_Score: 0.9806015134025907
    Cost: 283390.0
    F1_Score: 0.980268093017188
