LGBMClassifier:
    Accuracy_Score: 0.9548731551384071
    Balanced_Accuracy_Score: 0.9548731551384071
    Cost: 508170.0
    F1_Score: 0.9537840002786194
Stacking_Classifier:
    Accuracy_Score: 0.9577637216894511
    Balanced_Accuracy_Score: 0.9577637216894512
    Cost: 596010.0
    F1_Score: 0.9560602844406708
Voting_Classifier:
    Accuracy_Score: 0.9793579541590152
    Balanced_Accuracy_Score: 0.9793579541590152
    Cost: 250090.0
    F1_Score: 0.9790812282455112
