LGBMClassifier:
    Accuracy_Score: 0.9802081207916752
    Balanced_Accuracy_Score: 0.9802081207916752
    Cost: 266990.0
    F1_Score: 0.9798769103104904
Stacking_Classifier:
    Accuracy_Score: 0.9240291097055022
    Balanced_Accuracy_Score: 0.9240291097055022
    Cost: 1116020.0
    F1_Score: 0.9177951133352958
Voting_Classifier:
    Accuracy_Score: 0.9760933142896008
    Balanced_Accuracy_Score: 0.9760933142896007
    Cost: 316220.0
    F1_Score: 0.9756300481852532
