LGBMClassifier:
    Accuracy_Score: 0.9631367748078623
    Balanced_Accuracy_Score: 0.9631367748078623
    Cost: 419500.0
    F1_Score: 0.962389841093609
Stacking_Classifier:
    Accuracy_Score: 0.26783649595320685
    Balanced_Accuracy_Score: 0.2678364959532068
    Cost: 6515230.0
    F1_Score: 0.14638014431845214
Voting_Classifier:
    Accuracy_Score: 0.979085900836564
    Balanced_Accuracy_Score: 0.979085900836564
    Cost: 246250.0
    F1_Score: 0.9788230432836335
