accuracy_score: 0.7670454545454546
balanced_accuracy_score: 0.7670454545454546
cost: 63800.0
f1_score: 0.7897435897435897
